8.28421307
-0.688975096
-0.697844267
-0.681465387
-0.74092561
-1.65309584
-0.690495193
0.28204143
-0.918688416
-3.51019669
-0.689325452
0.135423541
-0.692933202
-0.45509243
-0.708867669
1.02113771
-1.70608306
-7.69570827
-0.689059913
0.0670523643
-0.694947481
-0.559084833
-0.702152014
0.830767095
-0.72010088
-1.27809238
-0.691507339
0.363994062
-0.786325336
2.26862288
-0.689790368
-0.206535101
-6.90427971
-23.4565544
-0.688996315
0.0334444046
-0.696260571
-0.617536426
-0.699775815
0.752043605
-0.728767395
-1.44579935
-0.690958023
0.322062314
-0.758729637
1.9174825
-0.690110505
-0.243622184
-0.832475305
-2.76134348
-0.689530969
0.17054081
-0.692159474
-0.40819639
-0.713710725
1.13896561
-1.11065555
4.80521297
-0.689169705
-0.10098815
-0.705115914
-0.919594467
-0.693851352
0.505184829
22.3307114
43.4119644
-0.688979149
0.0167140961
-0.697015762
-0.648749828
-0.698760986
0.715838909
-0.734304905
-1.54360414
-0.690717697
0.301834345
-0.748930097
1.7766819
-0.690292716
-0.262649536
-0.868227124
-3.09227276
-0.689423323
0.152884483
-0.692529321
-0.431278348
-0.71112895
1.0777446
-0.993298948
4.05657244
-0.689241827
-0.118132472
-0.706878126
-0.968580246
-0.693372667
0.479703188
-1.31197619
-5.90295601
-0.689109266
0.0839691162
-0.694375873
-0.531617701
-0.703547359
0.873773873
-0.716675282
-1.20547771
-0.691819906
0.385786593
-0.806203544
2.49221039
-0.689652979
-0.188414454
-2.67883706
11.2759438
-0.689022958
-0.0502181053
-0.700901151
-0.790277183
-0.695572972
0.587688625
-0.770918131
-2.07960987
-0.689942122
0.224927783
-0.724087715
1.35779607
-0.691221237
-0.342769265
9.89889336
9.98212719
-0.688976765
0.00835514069
-0.697420716
-0.664911032
-0.698291898
0.698435068
-0.73746419
-1.59675312
-0.690601826
0.291884065
-0.744732678
1.71295166
-0.690392435
-0.272297502
-0.891165495
-3.2882762
-0.689372301
0.144131064
-0.692727268
-0.443089962
-0.709962189
1.04890227
-0.952118754
3.76376414
-0.689281821
-0.126758099
-0.707842946
-0.994384706
-0.693147779
0.467292488
-1.47247934
-6.67494535
-0.689083338
0.0754990578
-0.694654465
-0.545215487
-0.702830553
0.851938128
-0.718324661
-1.24096489
-0.691660166
0.374816716
-0.795610011
2.37550354
-0.689720333
-0.197441816
-2.06759977
9.12025166
-0.689040482
-0.0586271286
-0.701509118
-0.810224712
-0.695253015
0.573238552
-0.778152943
-2.17033577
-0.68986392
0.215695977
-0.72201705
1.31698847
-0.691361427
-0.353312969
-3.86895347
-15.0083342
-0.689008474
0.0418252945
-0.695910692
-0.60244751
-0.70032239
0.770895004
-0.72633189
-1.40067446
-0.691086471
0.332353473
-0.764483333
1.99557269
-0.690023899
-0.234235168
-0.818382859
-2.62022305
-0.689590693
0.179448962
-0.691986263
-0.396911144
-0.71514076
1.17151344
-1.19658065
5.29616308
-0.689138293
-0.0924649239
-0.704309881
-0.896310806
-0.694107473
0.518276215
-24.7053108
67.9543228
-0.688987732
-0.0250778198
-0.69925642
-0.733702183
-0.696628094
0.632963657
-0.7535761
-1.84470069
-0.690200031
0.25309217
-0.731416404
1.49336767
-0.69083339
-0.31189245
-1.04485536
-4.39892673
-0.689204097
0.109545231
-0.693606555
-0.492331028
-0.705970943
0.943667889
-0.848905444
2.91777849
-0.68947506
-0.161686301
-0.712377965
-1.10773873
-0.692341983
0.419648945
8.63985538
4.39739609
-0.688973665
0.0041782856
-0.697632313
-0.673137546
-0.698062897
0.68989718
-0.739154577
-1.62450528
-0.690549374
0.286950409
-0.742783487
1.68256366
-0.690443575
-0.27715826
-0.904283285
-3.39567471
-0.689348578
0.139769077
-0.692826807
-0.449065149
-0.709405005
1.03488994
-0.934567451
3.63260031
-0.689301848
-0.131083131
-0.708343983
-1.00763488
-0.693038821
0.461172581
-1.57761598
-7.1469059
-0.689073026
0.0712730885
-0.69479835
-0.55211395
-0.702486396
0.841270626
-0.719195008
-1.25931561
-0.691580892
0.36938715
-0.790814102
2.32091713
-0.689757407
-0.201983452
-1.86561835
8.34309483
-0.689052701
-0.0628385544
-0.701826334
-0.820418477
-0.695098639
0.566125512
-0.782109797
-2.218472
-0.689826787
0.211107731
-0.721040905
1.29731178
-0.691433132
-0.358633935
-4.97383595
-18.196331
-0.689002275
0.0376329422
-0.696084023
-0.609951973
-0.700045586
0.761403084
-0.72752279
-1.42294335
-0.691021979
0.327192664
-0.761529565
1.95582652
-0.690065742
-0.238920987
-0.825164378
-2.68901944
-0.689560354
0.17498827
-0.692074299
-0.402535737
-0.714413404
1.15506792
-1.15062189
5.03846455
-0.689154625
-0.0967245102
-0.70470798
-0.907858372
-0.693980098
0.511702299
-10.9997635
34.0423813
-0.68899107
-0.0292606354
-0.699513435
-0.742810488
-0.696442604
0.625207186
-0.756087422
-1.88046134
-0.690152526
0.248345494
-0.730063617
1.46926558
-0.690896332
-0.316962361
-1.07566726
-4.59297276
-0.689185977
0.105259657
-0.693728566
-0.498728633
-0.705534339
0.931530356
-0.84036696
2.83749247
-0.689499974
-0.166107178
-0.713032663
-1.12319314
-0.692246974
0.413901448
192.887421
456.374634
-0.688980103
0.0208740234
-0.69682312
-0.640823364
-0.699005127
0.724700928
-0.732827723
-1.51813471
-0.690775335
0.306838632
-0.751198173
1.81013358
-0.69024241
-0.257864594
-0.858156443
-3.00256443
-0.689447641
0.157279968
-0.692437351
-0.425448656
-0.711740792
1.09258676
-1.01757264
4.22077656
-0.689216256
-0.11383152
-0.706417501
-0.956027508
-0.693483055
0.485984087
-1.24980998
-5.58255577
-0.689124107
0.088218689
-0.694242954
-0.524915218
-0.70392108
0.884954929
-0.715893805
-1.18831301
-0.691904962
0.391331375
-0.812076151
2.55469847
-0.689620435
-0.183924317
-3.16311193
12.8481197
-0.689011335
-0.0460190773
-0.700607836
-0.78051734
-0.695743144
0.595031977
-0.767614841
-2.03680253
-0.689982533
0.229575694
-0.725193262
1.37897396
-0.69115293
-0.337544858
12.9724693
-19.3210144
-0.688978672
-0.0125341415
-0.698519945
-0.707086086
-0.697215319
0.656779766
-0.746779859
-1.74430609
-0.690345585
0.267460346
-0.735849679
1.56979585
-0.690664232
-0.296844661
-0.971598148
-3.9046979
-0.689260006
0.122443795
-0.693259716
-0.473469019
-0.707354069
0.981372356
-0.879191279
3.18733835
-0.689397931
-0.148502707
-0.710537791
-1.06318235
-0.692625165
0.437161267
-2.32940173
-10.0736341
-0.689027488
0.0544195175
-0.695413351
-0.580426753
-0.701202154
0.800178111
-0.72303462
-1.33714783
-0.691285014
0.348022342
-0.774427891
2.1240859
-0.689901948
-0.220304608
-1.38524139
6.26416111
-0.68909657
-0.0797293186
-0.703181684
-0.862770915
-0.694510877
0.538382888
-0.800725222
-2.43254066
-0.689684629
0.192920923
-0.717482686
1.22302508
-0.69174397
-0.380282104
0.115534998
-0.400780946
-0.0385660753
0.0485707223
-0.0804193988
-0.0420734249
0.0155256018
0.034623187
-0.0547531918
-0.120368853
-0.00137766264
0.0509332083
-0.00391822681
0.0437556319
-0.0720994771
0.0154342027
-0.0280168615
-0.205619678
-0.0188284256
0.0533678979
-0.0803169459
-0.0110603124
0.0111359321
0.0305455253
-0.0398637801
0.129510671
-0.0573505834
0.0357699543
-0.0718493164
-0.0770297647
0.0108394735
0.0434380583
-0.0081282435
-0.354646623
-0.0286120884
0.0519531667
-0.081441015
-0.0260870457
0.0145412646
0.0314647257
-0.0643576682
-0.0969035476
0.00554713234
0.0476244949
-0.017222546
0.0681265742
-0.0654037967
0.0264736321
-0.117433898
0.381785393
-0.0482782796
0.0431667566
-0.0772171468
-0.0589854568
0.0142361559
0.0388894528
-0.0428769588
-0.151949778
-0.00962121412
0.052952826
0.00512076914
0.0335992798
-0.077147454
0.00284979399
-0.00235425495
-0.749074936
-0.033593677
0.0505129993
-0.0812021792
-0.0339665115
0.0153269172
0.032843858
-0.059822876
-0.108004034
0.00227041915
0.0494164079
-0.00988578983
0.0533941463
-0.0689406395
0.0211601015
-0.0359075293
-0.174268022
-0.0141281504
0.0533772223
-0.078979522
-0.00395404175
0.00847133994
0.0314287357
-0.0620189458
0.201719373
-0.0529193878
0.0397136211
-0.0748013705
-0.0678385347
0.0127891563
0.0411722027
-0.849985838
1.77283144
-0.0434783399
0.0461223125
-0.0790911019
-0.0504085124
0.0151557624
0.0366745889
-0.049123168
-0.134649962
-0.00535628013
0.0521262363
0.00102420151
0.0374939181
-0.0748454779
0.00932174455
-0.0188602768
-0.25552088
-0.0236735083
0.0528998822
-0.0811424255
-0.0184458271
0.0131510496
0.030636698
-0.0266438518
0.0911782682
-0.0615269616
0.0313504338
-0.0683666915
-0.0866639987
0.00841504149
0.0456118211
1.99163246
2.40897751
-0.0360839367
0.0496054888
-0.0808790624
-0.0379918218
0.0154985487
0.0336918235
-0.0573558807
-0.113995008
0.000490307808
0.0502120778
-0.00675781071
0.0480681807
-0.0705696791
0.0183471292
-0.0320939645
-0.188422695
-0.0164576452
0.053428784
-0.07971102
-0.00747043826
0.00988724083
0.0308480952
-0.0491868742
0.159205332
-0.0551642068
0.0378022641
-0.0733919591
-0.0723867863
0.011875499
0.0423122533
-0.0136770075
-0.294860661
-0.0261342674
0.0524873808
-0.0813576505
-0.0222353376
0.0139230564
0.0309701748
-0.0664275885
-0.0916948989
0.00703450292
0.0466417149
-0.0216015
0.0783100128
-0.0635053143
0.0289679449
-0.208376318
0.635724068
-0.0458957329
0.0447079837
-0.0782222599
-0.0546651259
0.0147631168
0.0377677456
-0.046081908
-0.142826319
-0.00745539553
0.0525875762
0.00317067653
0.0352971628
-0.0760538876
0.00612930395
-0.0232068989
-2.04555082
-0.041032888
0.0474094152
-0.0798237845
-0.0462120697
0.0154107288
0.0356218144
-0.0520106629
-0.12721473
-0.00332804583
0.0515728295
-0.00133261457
0.0402770787
-0.0735260248
0.0124246646
-0.0236242376
-0.227216125
-0.0212360509
0.0531926751
-0.0807948112
-0.0147198662
0.0122232102
0.0304862112
-0.032596387
0.107722655
-0.0594724268
0.033618886
-0.0701738819
-0.081783399
0.00968465209
0.0445408672
-0.00284409709
-0.461395204
-0.0311009195
0.0512953401
-0.0813893378
-0.0299978871
0.0150085129
0.032095477
-0.0621561296
-0.102325499
0.0039566569
0.0485510528
-0.0133509133
0.0599724762
-0.0672172308
0.0238699801
-0.0816630349
0.267308295
-0.0506224558
0.0415027887
-0.076076664
-0.0633743182
0.013577126
0.0400278792
-0.0394921713
-0.162299767
-0.0118473778
0.0532174744
0.00688517466
0.0323294662
-0.0781237036
-0.000511948019
0.654437542
1.25077903
-0.0272997916
0.0575319529
-0.0802284479
-0.022442624
0.0349636674
0.0313141197
-0.0696168989
-0.0897271186
0.0135081969
0.0546181798
0.0272610076
0.0228460487
-0.0652665943
0.0293635223
-0.0711877793
-0.159056991
-0.00572758541
0.0597766526
-0.0763863921
0.00550607778
0.0345906802
0.0213654172
0.0130107161
0.066325523
-0.0481289849
0.0472093597
-0.0770469978
-0.0532717481
0.0277008209
0.0440314487
-0.114934489
-0.286887825
-0.016411379
0.0596523136
-0.0792428255
-0.00806883909
0.0357223749
0.0255961288
-0.0735156164
-0.0702424049
0.0213771705
0.0498278961
0.0214188937
0.0345115662
-0.0573248193
0.0391496643
-0.028035542
0.18222636
-0.0380008519
0.0533726513
-0.0794240683
-0.0374889895
0.0322733633
0.0376790687
-0.0670746639
-0.115363374
0.00436603278
0.0580294691
0.0317010358
0.0198016111
-0.0716869757
0.0180665534
-0.285793602
-0.594429493
-0.0218546838
0.0588460863
-0.0799687058
-0.0151657723
0.035583362
0.0283274315
-0.0715385377
-0.0795274824
0.0176202506
0.0523731858
0.0245204456
0.0271860808
-0.0614705421
0.0344600677
-0.0676080659
-0.133419529
-0.000583782792
0.0591262579
-0.0742612779
0.0119290473
0.0333541445
0.0201549828
0.00420125946
0.102176405
-0.0431597121
0.0505362675
-0.0784117579
-0.0452725179
0.030216109
0.040893089
-1.01097798
5.95447302
-0.0326984525
0.0557074547
-0.0800399482
-0.0298838019
0.0338590443
0.0344602466
-0.0679935515
-0.101367019
0.00907736644
0.0565152243
0.0296606384
0.0205731317
-0.0686812699
0.0238890871
-0.0819569528
-0.200875223
-0.0110192932
0.0599583387
-0.078049086
-0.00116940774
0.035386622
0.0232320596
0.0177958496
0.0464564152
-0.0528647192
0.0434074886
-0.0753885433
-0.061555028
0.024746649
0.0470294282
0.471663564
0.261336267
-0.0300079882
0.0566830784
-0.0801893249
-0.0261428654
0.0344718024
0.0328728706
-0.0687474236
-0.0953216106
0.0113305897
0.0556117482
0.0285040885
0.0214923136
-0.0670234486
0.0266716145
-0.0751985013
-0.176996261
-0.00835801661
0.0599274561
-0.0772760808
0.00219789334
0.0350462086
0.0222291183
0.0156326797
0.0550753623
-0.0505287573
0.0453667641
-0.0762502924
-0.0573713183
0.0262771752
0.045551762
-0.159734786
-0.379586816
-0.0191298351
0.0593122691
-0.0796636492
-0.0115943775
0.0357130282
0.026923202
-0.0725316331
-0.0747940019
0.0195455775
0.0511355922
0.0230188295
0.0303966533
-0.0594392195
0.0368576646
-0.00548677146
0.13271226
-0.0406008512
0.0520163663
-0.0789650232
-0.0413567312
0.0313029774
0.0392912738
-0.0670913458
-0.123725303
0.00191802904
0.0586312786
0.0325778686
0.0198563226
-0.0730294883
0.0150353611
-1.31059456
-1.72385192
-0.0245802999
0.0582525134
-0.080154866
-0.0187835693
0.0353343785
0.0297950506
-0.0705580115
-0.0844862014
0.0156066082
0.0535358042
0.0259331129
0.0247114375
-0.0634143949
0.0319609269
-0.0688552782
-0.144941285
-0.0031343922
0.0595088303
-0.0753810853
0.00875060633
0.0340258479
0.0206666812
0.00951861218
0.0813575685
-0.045672074
0.0489342213
-0.0777701959
-0.0492416285
0.0290145781
0.0424759127
-0.108218536
0.282411575
-0.0353645235
0.0546028465
-0.0797835141
-0.0336653963
0.0331265554
0.0360657945
-0.0674106255
-0.107989959
0.00675421208
0.0573224947
0.0307274014
0.0200265255
-0.0702369213
0.0210194532
-0.0935863853
-0.234674037
-0.0137059875
0.0598671138
-0.0787048489
-0.00459280983
0.0356130674
0.0243608393
0.0196927525
0.0397577211
-0.0551316999
0.0413342193
-0.0744725317
-0.0658385456
0.0231121592
0.0484562814
